0.000000000000000000e+00 1.209617618110903514e+01 2.434729720475199244e+01 3.761612222483879719e+01 2.775029469294936391e+01 1.845242257650573592e+01 1.273066980706800777e+01 2.478507845647144237e+01 2.719899920044584007e+01 3.439187126563171404e+01 4.440821269295386031e+01 5.256133818816503833e+01 6.156686755649663212e+01 5.248280516632749482e+01 4.492515762421344760e+01 3.995570615530213132e+01 3.850283960961957064e+01 7.042262370261791204e+01 6.138965040901531722e+01 5.427687484334160217e+01
1.209617618110903514e+01 0.000000000000000000e+00 1.225281958465854082e+01 2.660553018795631175e+01 1.803894998648476289e+01 1.327358452730993221e+01 1.681457973666286776e+01 2.715203780106121911e+01 2.431376021305473145e+01 2.706332675238065022e+01 3.498898278635716963e+01 4.235213840901392501e+01 5.258935565412203061e+01 4.502943103459580954e+01 3.950276028962103680e+01 3.779079798338560892e+01 4.008857102224680347e+01 6.269359003036795741e+01 5.528730592450161652e+01 5.018601596341368065e+01
2.434729720475199244e+01 1.225281958465854082e+01 0.000000000000000000e+00 1.724637815789566986e+01 1.344687381501776180e+01 1.776451290590112464e+01 2.665251711849682081e+01 3.426273905555328270e+01 2.743339715067693163e+01 2.425028934624471688e+01 2.791088644233812133e+01 3.354006856703754380e+01 4.524949056061989694e+01 4.014204568799353012e+01 3.763178106291940850e+01 3.971449197679294940e+01 4.531295693253131418e+01 5.670610332541314591e+01 5.159576951044294191e+01 4.910781887229586573e+01
3.761612222483879719e+01 2.660553018795631175e+01 1.724637815789566986e+01 0.000000000000000000e+00 1.084874952050831709e+01 2.243834018330765190e+01 3.421866655107553612e+01 3.625405695342048062e+01 2.568530210836031102e+01 1.522501181500376610e+01 1.168361875759025281e+01 1.630144346913753139e+01 2.822330307377753300e+01 2.506023380277829560e+01 2.638523950989551992e+01 3.327549269516562447e+01 4.276627494990399470e+01 4.019380517677800668e+01 3.704310475065314989e+01 3.759111315559373878e+01
2.775029469294936391e+01 1.803894998648476289e+01 1.344687381501776180e+01 1.084874952050831709e+01 0.000000000000000000e+00 1.158960592703155967e+01 2.337351799673203701e+01 2.617532588674710681e+01 1.655810552341067776e+01 1.081360306206675048e+01 1.697893211225937193e+01 2.481304960897759315e+01 3.455220752361988446e+01 2.753192173252965347e+01 2.418890665068585477e+01 2.713782663545468665e+01 3.457282582033799656e+01 4.487400833932360200e+01 3.855335695688108189e+01 3.566875091002066256e+01
1.845242257650573592e+01 1.327358452730993221e+01 1.776451290590112464e+01 2.243834018330765190e+01 1.158960592703155967e+01 0.000000000000000000e+00 1.179346951367887542e+01 1.654137555913517943e+01 1.108620603168736274e+01 1.596360080355249345e+01 2.666612125000859379e+01 3.535860809498376511e+01 4.335500045934363555e+01 3.403295738055810205e+01 2.697701737721908088e+01 2.452918787860228633e+01 2.792318965342373005e+01 5.197163285583933856e+01 4.324722828470589064e+01 3.719850346869966984e+01
1.273066980706800777e+01 1.681457973666286776e+01 2.665251711849682081e+01 3.421866655107553612e+01 2.337351799673203701e+01 1.179346951367887542e+01 0.000000000000000000e+00 1.208063394558612558e+01 1.609739839842643860e+01 2.616264331190519954e+01 3.783112008344872379e+01 4.675928836962638968e+01 5.370958380889373984e+01 4.327993930610285389e+01 3.434849091413848043e+01 2.779140077713506329e+01 2.580657147070607138e+01 6.103027630702318618e+01 5.083652056761569327e+01 4.265006659778652676e+01
2.478507845647144237e+01 2.715203780106121911e+01 3.426273905555328270e+01 3.625405695342048062e+01 2.617532588674710681e+01 1.654137555913517943e+01 1.208063394558612558e+01 0.000000000000000000e+00 1.123472375969936010e+01 2.371230488452811969e+01 3.599490860142674364e+01 4.513777571360257923e+01 4.926541294332615450e+01 3.757153975892028086e+01 2.710124001171522679e+01 1.772861652127550158e+01 1.372898258366983626e+01 5.435336241150828585e+01 4.281208951909016491e+01 3.310777931044773226e+01
2.719899920044584007e+01 2.431376021305473145e+01 2.743339715067693163e+01 2.568530210836031102e+01 1.655810552341067776e+01 1.108620603168736274e+01 1.609739839842643860e+01 1.123472375969936010e+01 0.000000000000000000e+00 1.247807734600863228e+01 2.477152334852039672e+01 3.392365338989346668e+01 3.873320946910921236e+01 2.759425757577967886e+01 1.825352622465667451e+01 1.349349844266347809e+01 1.813234514292348720e+01 4.511649064663139796e+01 3.474576790408853810e+01 2.708227155199807612e+01
3.439187126563171404e+01 2.706332675238065022e+01 2.425028934624471688e+01 1.522501181500376610e+01 1.081360306206675048e+01 1.596360080355249345e+01 2.616264331190519954e+01 2.371230488452811969e+01 1.247807734600863228e+01 0.000000000000000000e+00 1.231477621916519460e+01 2.147752014347023319e+01 2.760472221051213992e+01 1.818180738309557398e+01 1.338436925641537201e+01 1.807896880827102493e+01 2.785935962698055235e+01 3.608465460192042684e+01 2.828334013026749005e+01 2.487401504698027566e+01
4.440821269295386031e+01 3.498898278635716963e+01 2.791088644233812133e+01 1.168361875759025281e+01 1.697893211225937193e+01 2.666612125000859379e+01 3.783112008344872379e+01 3.599490860142674364e+01 2.477152334852039672e+01 1.231477621916519460e+01 0.000000000000000000e+00 9.163453111050944955e+00 1.764337643459899141e+01 1.351804260878275166e+01 1.748702664868160284e+01 2.733476077693865491e+01 3.864317448101927255e+01 2.881710582389930053e+01 2.552645965744383005e+01 2.759539835709318112e+01
5.256133818816503833e+01 4.235213840901392501e+01 3.354006856703754380e+01 1.630144346913753139e+01 2.481304960897759315e+01 3.535860809498376511e+01 4.675928836962638968e+01 4.513777571360257923e+01 3.392365338989346668e+01 2.147752014347023319e+01 9.163453111050944955e+00 0.000000000000000000e+00 1.299984893192389634e+01 1.629646159989272647e+01 2.434976999239180273e+01 3.539034431265367431e+01 4.710617371562735656e+01 2.586050016748845337e+01 2.702884206800736067e+01 3.251573913425870188e+01
6.156686755649663212e+01 5.258935565412203061e+01 4.524949056061989694e+01 2.822330307377753300e+01 3.455220752361988446e+01 4.335500045934363555e+01 5.370958380889373984e+01 4.926541294332615450e+01 3.873320946910921236e+01 2.760472221051213992e+01 1.764337643459899141e+01 1.299984893192389634e+01 0.000000000000000000e+00 1.231993232690930995e+01 2.344955430226902848e+01 3.540577744395420012e+01 4.751581023940530457e+01 1.294967794285431673e+01 1.768308964685720852e+01 2.695274172660400325e+01
5.248280516632749482e+01 4.502943103459580954e+01 4.014204568799353012e+01 2.506023380277829560e+01 2.753192173252965347e+01 3.403295738055810205e+01 4.327993930610285389e+01 3.757153975892028086e+01 2.759425757577967886e+01 1.818180738309557398e+01 1.351804260878275166e+01 1.629646159989272647e+01 1.231993232690930995e+01 0.000000000000000000e+00 1.114634707474211872e+01 2.308744140443560511e+01 3.519603527582003721e+01 1.794074122230535551e+01 1.201157433989268952e+01 1.637964283274270372e+01
4.492515762421344760e+01 3.950276028962103680e+01 3.763178106291940850e+01 2.638523950989551992e+01 2.418890665068585477e+01 2.697701737721908088e+01 3.434849091413848043e+01 2.710124001171522679e+01 1.825352622465667451e+01 1.338436925641537201e+01 1.748702664868160284e+01 2.434976999239180273e+01 2.344955430226902848e+01 1.114634707474211872e+01 0.000000000000000000e+00 1.197443870362534746e+01 2.410374934675481029e+01 2.726434611532097207e+01 1.652471156170501487e+01 1.154829914002094071e+01
3.995570615530213132e+01 3.779079798338560892e+01 3.971449197679294940e+01 3.327549269516562447e+01 2.713782663545468665e+01 2.452918787860228633e+01 2.779140077713506329e+01 1.772861652127550158e+01 1.349349844266347809e+01 1.807896880827102493e+01 2.733476077693865491e+01 3.539034431265367431e+01 3.540577744395420012e+01 2.308744140443560511e+01 1.197443870362534746e+01 0.000000000000000000e+00 1.213092120163119780e+01 3.794392526739721916e+01 2.562872770111385989e+01 1.538528414357252316e+01
3.850283960961957064e+01 4.008857102224680347e+01 4.531295693253131418e+01 4.276627494990399470e+01 3.457282582033799656e+01 2.792318965342373005e+01 2.580657147070607138e+01 1.372898258366983626e+01 1.813234514292348720e+01 2.785935962698055235e+01 3.864317448101927255e+01 4.710617371562735656e+01 4.751581023940530457e+01 3.519603527582003721e+01 2.410374934675481029e+01 1.213092120163119780e+01 0.000000000000000000e+00 4.928972628584497073e+01 3.647906089993632861e+01 2.505135660569866118e+01
7.042262370261791204e+01 6.269359003036795741e+01 5.670610332541314591e+01 4.019380517677800668e+01 4.487400833932360200e+01 5.197163285583933856e+01 6.103027630702318618e+01 5.435336241150828585e+01 4.511649064663139796e+01 3.608465460192042684e+01 2.881710582389930053e+01 2.586050016748845337e+01 1.294967794285431673e+01 1.794074122230535551e+01 2.726434611532097207e+01 3.794392526739721916e+01 4.928972628584497073e+01 0.000000000000000000e+00 1.312924443202644120e+01 2.496366764092032042e+01
6.138965040901531722e+01 5.528730592450161652e+01 5.159576951044294191e+01 3.704310475065314989e+01 3.855335695688108189e+01 4.324722828470589064e+01 5.083652056761569327e+01 4.281208951909016491e+01 3.474576790408853810e+01 2.828334013026749005e+01 2.552645965744383005e+01 2.702884206800736067e+01 1.768308964685720852e+01 1.201157433989268952e+01 1.652471156170501487e+01 2.562872770111385989e+01 3.647906089993632861e+01 1.312924443202644120e+01 0.000000000000000000e+00 1.183982441210438985e+01
5.427687484334160217e+01 5.018601596341368065e+01 4.910781887229586573e+01 3.759111315559373878e+01 3.566875091002066256e+01 3.719850346869966984e+01 4.265006659778652676e+01 3.310777931044773226e+01 2.708227155199807612e+01 2.487401504698027566e+01 2.759539835709318112e+01 3.251573913425870188e+01 2.695274172660400325e+01 1.637964283274270372e+01 1.154829914002094071e+01 1.538528414357252316e+01 2.505135660569866118e+01 2.496366764092032042e+01 1.183982441210438985e+01 0.000000000000000000e+00
